#Probabilities of a knot turning into another using (Flammini et al paper)
#     0_1   3_1    4_1     5_1    5_2    6_1    6_2   6_3
0 1.0000 0.5000 0.5000 0.5000 0.5000 0.5000 0.5000 0.5000
3 0.0000 0.0000 0.0000 0.0000 0.0000 0.0000 0.0000 0.0000
4 0.0000 0.0000 0.0000 0.0000 0.0000 0.0000 0.0000 0.0000
5 0.0000 0.0000 0.0000 0.0000 0.0000 0.0000 0.0000 0.0000
5 0.0000 0.0000 0.0000 0.0000 0.0000 0.0000 0.0000 0.0000
6 0.0000 0.0000 0.0000 0.0000 0.0000 0.0000 0.0000 0.0000
6 0.0000 0.0000 0.0000 0.0000 0.0000 0.0000 0.0000 0.0000
6 0.0000 0.0000 0.0000 0.0000 0.0000 0.0000 0.0000 0.0000
